Códigos de linhas diferentes (count=205):
010, 011, 020, 021, 030, 040, 050, 160, 166, 168, 169, 170, 171, 175, 176, 180, 181, 182, 183, 184, 188, 189, 205, 207, 209, 211, 212, 213, 214, 216, 222, 224, 225, 226, 229, 231, 232, 233, 236, 242, 244, 260, 265, 266, 270, 271, 272, 274, 280, 285, 309, 311, 321, 322, 332, 334, 335, 336, 338, 341, 342, 361, 365, 366, 370, 371, 372, 373, 374, 375, 380, 385, 386, 387, 389, 461, 462, 463, 465, 466, 467, 468, 470, 471, 472, 474, 475, 489, 511, 512, 513, 515, 521, 522, 523, 531, 532, 533, 534, 535, 536, 540, 541, 542, 545, 547, 548, 561, 609, 611, 612, 615, 617, 619, 621, 623, 624, 625, 627, 628, 629, 630, 631, 633, 635, 636, 637, 638, 639, 640, 641, 642, 643, 646, 649, 650, 652, 653, 654, 655, 656, 657, 658, 659, 661, 662, 663, 665, 666, 670, 673, 674, 679, 680, 683, 684, 685, 688, 689, 690, 706, 710, 711, 712, 714, 760, 762, 777, 778, 788, 789, 811, 812, 814, 821, 822, 823, 825, 826, 827, 828, 860, 861, 865, 870, 875, 876, 889, 901, 916, 918, 924, OPC, TCA, TCJ, TCR, TFA, TFZ, TMA, TPH, TSB, TSF, TSP, TSQ, TXA

  Número Cartão  Cod. Linha Onibus    Data entrada A            Data entrada B            Cod. Linha A    Cod. Linha B      Diff Seconds
---------------  -------------------  ------------------------  ------------------------  --------------  --------------  --------------
     0003814104  OPC                  09/04/17 00:23:09,000000  09/04/17 00:23:12,000000  OPC             OPC                          3
     0003814104  OPC                  09/04/17 00:23:09,000000  09/04/17 00:23:16,000000  OPC             OPC                          7
     0003814104  OPC                  09/04/17 00:23:12,000000  09/04/17 00:23:16,000000  OPC             OPC                          4
     0003501561  209                  09/04/17 00:35:49,000000  09/04/17 00:35:51,000000  209             209                          2
     0003501561  209                  09/04/17 00:35:49,000000  09/04/17 00:35:55,000000  209             209                          6
     0003501561  209                  09/04/17 00:35:51,000000  09/04/17 00:35:55,000000  209             209                          4

Count total:85922
Count Validas:47801
Count Recorrencias:6
